%YAML:1.0
---
resolution: !!opencv-matrix
   rows: 2
   cols: 1
   dt: i
   data: [ 1280, 960 ]
camera_matrix: !!opencv-matrix
   rows: 3
   cols: 3
   dt: d
   data: [ 6.4072733351644865e+02, 0., 6.2202256509683798e+02, 0.,
       5.9651279438297843e+02, 4.7118575007151452e+02, 0., 0., 1. ]
dist_coeffs: !!opencv-matrix
   rows: 4
   cols: 1
   dt: d
   data: [ -2.6324817536674022e-03, -1.0976012529572739e-01,
       2.8343617874044086e-01, -2.2794885503769136e-01 ]