%YAML:1.0
---
resolution: !!opencv-matrix
   rows: 2
   cols: 1
   dt: i
   data: [ 640, 480 ]
camera_matrix: !!opencv-matrix
   rows: 3
   cols: 3
   dt: d
   data: [ 3.2235027614601842e+02, 0., 3.0203733929653129e+02, 0.,
       3.2180749734801645e+02, 2.3151506721502255e+02, 0., 0., 1. ]
dist_coeffs: !!opencv-matrix
   rows: 4
   cols: 1
   dt: d
   data: [ 6.0950845310668716e-02, -2.8610591728289886e-01,
       6.4307837719059635e-01, -5.2893407416065563e-01 ]