%YAML:1.0
---
resolution: !!opencv-matrix
   rows: 2
   cols: 1
   dt: i
   data: [ 1280, 960 ]
camera_matrix: !!opencv-matrix
   rows: 3
   cols: 3
   dt: d
   data: [ 6.5749994037647730e+02, 0., 6.2419695408122357e+02, 0.,
       6.1708962360492478e+02, 4.7881887927969512e+02, 0., 0., 1. ]
dist_coeffs: !!opencv-matrix
   rows: 4
   cols: 1
   dt: d
   data: [ -4.3197926701982574e-03, -8.1253917657262059e-02,
       1.6049401021107843e-01, -1.0204227119642488e-01 ]