%YAML:1.0
---
resolution: !!opencv-matrix
   rows: 2
   cols: 1
   dt: i
   data: [ 640, 480 ]
camera_matrix: !!opencv-matrix
   rows: 3
   cols: 3
   dt: d
   data: [ 3.1334479503309751e+02, 0., 2.9622028064697321e+02, 0.,
       3.1336619806285483e+02, 2.3314646202804673e+02, 0., 0., 1. ]
dist_coeffs: !!opencv-matrix
   rows: 4
   cols: 1
   dt: d
   data: [ 1.8036902424077156e-01, -5.0604197942429463e-01,
       7.9462913301771354e-01, -4.5936496836773011e-01 ]
