%YAML:1.0
---
resolution: !!opencv-matrix
   rows: 2
   cols: 1
   dt: i
   data: [ 1280, 960 ]
camera_matrix: !!opencv-matrix
   rows: 3
   cols: 3
   dt: d
   data: [ 6.5543949692786850e+02, 0., 6.7480181103111045e+02, 0.,
       6.0948650232925490e+02, 5.0131595321689986e+02, 0., 0., 1. ]
dist_coeffs: !!opencv-matrix
   rows: 4
   cols: 1
   dt: d
   data: [ -3.9239424430358966e-02, 6.8904791288211240e-02,
       -1.1847369719144193e-01, 6.3224077225049163e-02 ]