%YAML:1.0
---
resolution: !!opencv-matrix
   rows: 2
   cols: 1
   dt: i
   data: [ 1280, 960 ]
camera_matrix: !!opencv-matrix
   rows: 3
   cols: 3
   dt: d
   data: [ 6.4929051801406797e+02, 0., 6.1230522039856157e+02, 0.,
       6.0556935671870428e+02, 5.0560432887567748e+02, 0., 0., 1. ]
dist_coeffs: !!opencv-matrix
   rows: 4
   cols: 1
   dt: d
   data: [ 5.3835887857414068e-03, -1.6313573556439998e-01,
       3.9320691822960374e-01, -3.0628063565889174e-01 ]