%YAML:1.0
---
resolution: !!opencv-matrix
   rows: 2
   cols: 1
   dt: i
   data: [ 640, 480 ]
camera_matrix: !!opencv-matrix
   rows: 3
   cols: 3
   dt: d
   data: [ 3.1210033734019083e+02, 0., 2.9082598788570363e+02, 0.,
       3.1117696284781147e+02, 2.4739227771275617e+02, 0., 0., 1. ]
dist_coeffs: !!opencv-matrix
   rows: 4
   cols: 1
   dt: d
   data: [ 1.1377496895610886e-01, -1.9734221709640029e-01,
       2.2492587613394910e-01, -1.1645072619085971e-01 ]
